percentile_score
74.2
69.1
47.6
15.0
81.5
7.2
3.9
8.5
43.7
25.3
19.3
1.2
5.1
69.0
16.3
13.1
24.9
34.5
10.9
7.9
2.2
0.8
5.1
15.7
8.5
87.3
99.7
31.8
21.0
46.2
80.7
60.7
59.1
91.6
39.5
40.3
36.3
58.9
80.8
93.5
25.9
6.9
5.5
16.1
38.5
31.9
36.9
49.4
85.0
74.1
55.1
6.4
27.5
28.9
27.9
49.4
92.3
32.2
48.2
34.8
57.2
76.2
19.7
17.1
20.4
95.9
52.8
22.5
49.1
31.3
15.5
96.1
20.1
20.6
58.9
86.2
0.9
90.4
38.7
64.6
52.6
36.8
33.4
90.8
84.0
97.0
2.3
3.0
46.2
41.8
74.7
21.1
19.7
18.3
41.5
29.8
35.5
4.0
20.2
56.9
59.7
59.7
29.8
86.4
50.1
57.3
61.9
100.0
73.0
33.9
22.5
19.9
25.4
5.5
94.2
70.2
31.3
84.4
63.3
96.5
17.9
41.6
65.5
46.8
83.7
94.7
55.1
55.5
56.3
75.0
28.0
40.4
88.3
99.8
15.9
6.3
63.7
63.4
10.2
10.8
7.0
49.7
99.2
98.0
74.2
56.2
39.0
25.0
44.0
8.4
32.2
48.0
69.6
11.2
29.5
43.6
40.6
95.7
96.3
53.1
19.3
30.0
33.4
48.4
9.4
4.7
76.3
31.2
46.0
67.5
0.1
40.7
19.5
36.9
21.2
92.2
78.9
33.4
58.9
78.6
94.6
99.5
6.4
12.6
0.1
1.7
6.9
6.8
30.5
72.1
80.5
64.6
72.9
20.9
18.9
51.8
46.2
44.1
46.1
69.4
36.7
60.9
81.9
62.7
78.6
79.0
45.6
77.3
47.3
70.1
48.4
57.6
90.6
100.0
83.9
69.8
79.3
80.8
79.8
53.9
18.4
17.3
64.4
80.7
30.9
59.4
40.4
21.1
55.1
24.7
48.7
59.8
86.6
90.5
38.5
15.2
70.1
20.5
59.8
35.4
73.2
83.3
48.4
64.1
1.9
2.0
51.4
16.3
62.6
46.5
33.5
88.4
45.9
26.5
13.4
30.2
5.0
19.8
22.7
38.7
57.7
8.9
26.5
29.2
22.6
33.8
25.4
18.7
68.8
85.1
30.3
7.1
25.6
29.1
97.6
72.0
92.1
24.2
22.3
68.8
93.0
42.1
50.9
82.5
39.2
41.1
62.6
26.9
2.3
2.1
0.2
10.4
43.1
92.0
99.7
50.3
38.9
42.6
88.6
58.6
71.0
58.4
86.3
99.2
99.4
44.8
34.1
1.2
22.8
21.7
34.2
81.2
37.3
50.9
3.4
52.7
62.2
82.6
79.3
36.9
26.2
69.0
63.4
13.8
40.3
34.7
66.6
43.6
8.1
20.3
52.6
28.8
34.5
0.9
31.9
48.9
20.0
44.2
22.0
13.7
37.5
93.9
80.8
32.5
20.4
49.5
85.0
95.3
62.5
9.0
4.9
44.4
93.0
14.2
91.7
74.5
36.8
83.4
48.3
75.4
45.9
75.7
30.5
39.6
11.1
19.8
18.8
10.1
34.1
2.6
9.9
30.0
42.8
14.7
10.4
6.4
87.6
74.5
13.6
56.6
5.2
31.6
99.7
61.4
89.1
19.1
13.6
47.2
20.6
1.9
48.6
68.1
98.3
96.6
80.2
38.7
72.0
94.5
27.1
30.6
66.6
0.8
11.1
34.2
21.8
18.9
63.8
8.4
86.2
89.0
61.9
33.6
6.8
50.6
0.1
0.2
2.1
70.1
0.5
0.6
8.6
9.5
41.7
3.8
22.1
21.6
7.6
20.3
0.5
52.5
31.6
0.9
0.2
14.2
45.5
11.9
4.3
82.3
21.3
42.7
18.6
19.5
11.3
53.0
49.9
58.6
37.7
18.3
14.2
85.0
40.5
15.6
34.5
93.2
73.8
31.0
67.1
5.8
10.9
25.7
5.5
17.9
2.1
10.9
15.0
1.1
7.1
20.7
24.9
5.7
1.3
14.8
93.3
3.6
0.2
28.0
83.3
22.6
93.0
21.2
17.1
11.4
10.7
4.9
21.1
0.1
0.2
17.9
50.3
13.7
9.3
86.2
6.0
5.1
31.5
0.5
3.1
21.7
1.0
17.2
93.0
22.5
37.7
59.7
54.4
8.7
22.6
44.6
39.7
11.8
37.9
88.7
36.0
54.4
22.2
5.7
3.3
10.3
99.6
95.8
8.1
40.3
93.5
52.8
91.2
67.1
32.1
92.1
36.2
64.2
40.7
42.3
75.2
57.4
56.0
99.6
43.9
46.6
39.3
47.9
21.6
2.6
0.2
19.0
8.1
4.6
0.2
25.1
10.1
7.1
0.5
33.3
6.4
1.5
0.2
26.6
4.9
0.8
68.9
7.9
49.6
35.8
73.7
26.3
41.9
62.2
75.0
18.2
69.9
16.6
99.5
88.4
28.7
70.5
81.6
68.6
72.7
68.8
96.6
11.3
53.5
30.8
70.8
72.0
20.2
36.9
34.8
29.2
94.8
43.5
99.9
59.8
31.0
55.2
59.7
41.6
2.3
5.0
36.9
7.3
62.2
84.4
15.3
7.1
8.5
27.4
56.6
68.8
80.8
86.2
19.5
27.3
54.3
96.9
22.7
28.3
18.8
63.7
26.6
79.6
29.8
10.3
56.1
95.8
19.7
36.0
9.1
8.3
63.0
97.3
99.2
85.9
0.2
11.0
24.0
10.5
92.6
32.3
51.7
55.0
33.6
64.5
65.4
13.3
56.3
32.7
76.6
68.4
87.9
2.5
37.5
49.6
41.4
24.4
59.8
5.1
13.2
52.9
72.8
91.8
8.6
43.9
58.5
2.6
9.4
43.6
38.7
53.2
28.3
24.9
77.7
48.5
32.3
14.5
6.7
42.7
64.2
64.7
51.5
58.1
63.9
0.1
0.2
80.2
20.5
24.9
32.8
18.8
16.7
0.6
7.6
34.9
0.1
0.2
10.5
7.3
10.2
31.6
4.8
63.8
18.5
7.5
15.4
50.5
18.2
1.6
46.1
10.4
50.8
9.1
63.7
47.2
17.8
6.6
17.3
13.1
31.6
60.1
76.8
96.5
23.9
28.6
11.3
44.1
80.1
93.0
39.4
54.8
49.8
65.7
48.0
47.9
28.1
36.7
52.3
8.7
20.3
2.1
8.1
10.8
1.8
50.7
32.1
53.7
28.6
8.2
11.7
20.7
0.1
0.9
10.3
10.7
13.7
48.8
0.1
4.9
49.4
28.2
2.0
10.2
92.0
0.1
49.3
0.1
0.5
17.7
41.1
38.4
62.8
1.7
85.2
28.8
0.4
1.4
31.8
1.9
4.8
18.6
51.8
13.5
2.9
72.9
34.6
48.1
24.2
30.1
68.3
63.6
22.6
32.0
0.3
2.4
17.2
16.9
28.9
69.0
15.2
94.6
69.8
90.3
91.4
61.6
3.2
13.3
0.5
75.4
45.5
20.1
69.4
1.9
67.9
4.5
3.1
49.2
12.2
17.5
18.0
98.6
41.7
56.0
55.0
57.9
73.3
87.2
72.9
15.8
9.0
100.0
79.0
56.6
84.7
10.8
23.4
88.2
32.6
64.7
83.6
37.1
42.5
19.6
63.7
69.4
68.7
71.3
32.0
37.0
39.1
43.7
31.0
42.0
88.5
88.4
61.7
91.0
73.5
75.9
12.7
46.9
19.4
4.9
68.5
31.0
41.0
14.9
28.8
22.9
45.4
35.9
3.0
28.1
89.9
11.6
90.6
69.3
52.1
56.9
46.2
33.6
54.0
57.9
74.9
32.1
81.6
7.4
7.5
92.8
62.8
27.0
67.6
22.1
35.1
92.8
42.8
5.2
16.8
54.6
14.7
75.4
52.2
2.4
8.7
25.6
30.6
35.8
50.3
60.5
7.5
56.9
70.4
70.4
31.4
72.0
63.0
58.3
98.9
72.8
60.5
61.9
27.6
60.1
99.3
88.1
55.0
27.8
61.6
71.1
23.7
56.0
29.8
98.0
71.7
20.6
43.8
4.0
27.8
67.4
13.8
35.8
79.7
23.7
99.4
100.0
50.7
51.4
49.4
49.2
22.5
43.1
11.2
49.0
60.1
86.1
26.4
72.2
82.2
99.6
37.8
75.7
76.6
25.8
65.5
55.8
81.1
65.4
72.1
32.3
47.0
68.3
64.4
18.4
19.1
79.5
93.4
97.4
25.3
30.2
62.9
86.0
6.5
16.2
39.4
79.4
51.6
99.2
41.1
47.5
80.2
82.5
13.5
5.9
11.7
46.3
20.7
19.6
58.2
51.4
57.5
52.5
0.4
0.3
26.3
41.3
31.8
34.1
33.2
19.9
13.8
14.9
1.0
32.8
34.6
41.1
61.5
41.8
3.6
11.5
46.5
45.9
17.1
68.4
40.3
81.1
18.8
22.5
22.5
12.0
73.1
0.5
1.7
36.6
5.6
33.7
30.3
35.2
31.4
93.4
29.3
34.5
97.4
80.6
5.5
33.5
51.7
0.2
18.9
3.5
38.4
59.6
31.8
33.7
40.7
50.9
23.8
62.6
33.6
1.0
2.6
9.9
10.4
23.1
96.9
48.6
72.8
21.8
29.8
55.2
77.5
42.2
10.3
43.0
9.1
28.7
2.2
2.7
13.9
71.9
0.1
1.4
1.0
1.8
62.2
6.4
9.6
1.8
32.3
38.3
16.5
5.5
0.1
9.5
5.2
0.1
21.0
1.9
84.0
45.2
58.1
44.0
86.4
32.5
24.5
2.6
22.9
1.2
8.1
39.4
10.4
3.5
11.2
2.8
1.8
1.5
9.0
30.8
44.8
70.6
42.2
21.0
4.3
82.3
40.4
45.7
24.7
63.1
52.4
87.5
83.3
3.3
8.9
12.1
16.3
47.4
28.8
94.8
75.7
33.4
84.5
62.9
0.7
9.2
19.1
81.5
68.5
81.1
72.6
99.3
79.9
43.6
34.0
51.6
70.6
79.6
86.9
80.9
89.2
89.9
76.1
24.7
26.8
62.8
46.0
43.9
98.6
8.4
54.6
33.4
95.6
96.7
76.8
43.0
71.8
99.2
97.6
58.1
27.6
66.6
16.5
18.5
23.4
58.2
50.8
22.4
15.4
26.7
81.4
3.4
0.7
3.5
21.8
5.0
3.1
5.5
10.8
56.8
84.6
24.4
64.7
62.4
90.7
94.8
58.9
11.0
31.2
36.5
21.6
60.2
12.2
78.2
27.6
36.5
24.0
36.4
54.1
74.1
66.9
43.7
60.9
70.9
95.7
34.1
92.5
95.5
94.1
87.9
18.0
30.8
27.9
37.0
19.4
87.8
2.5
26.2
93.6
86.6
47.4
93.0
43.0
89.6
8.4
35.0
86.7
9.8
94.2
1.0
32.0
69.5
0.2
24.6
13.2
30.0
30.7
15.9
54.0
51.0
54.1
55.7
36.8
58.4
91.7
43.4
66.1
70.9
43.9
9.1
95.6
18.7
13.7
51.1
13.9
19.5
10.3
32.5
41.1
59.5
44.2
95.2
60.9
34.9
63.8
28.4
12.4
72.3
33.2
71.6
51.0
64.6
2.7
20.3
20.9
22.3
42.1
58.4
19.3
21.9
69.4
92.4
97.8
87.3
62.4
42.2
25.0
38.3
43.3
7.4
79.0
15.7
6.9
6.7
66.5
25.3
66.6
18.7
0.6
8.5
89.3
73.0
39.3
64.4
45.3
22.1
46.5
38.7
64.3
48.6
96.1
31.1
52.5
27.8
46.0
6.6
11.5
39.5
59.4
92.0
96.4
6.7
20.3
56.8
39.6
27.6
39.8
2.8
45.9
52.7
95.7
53.9
62.7
97.7
9.4
52.7
15.2
34.6
27.1
71.6
78.3
69.9
75.2
59.3
61.9
72.1
18.3
47.3
31.9
23.2
95.0
29.4
0.1
31.5
4.9
75.5
18.9
18.1
22.9
9.6
35.1
31.4
0.1
1.3
14.9
22.5
28.2
0.3
17.2
49.9
28.6
1.9
51.3
2.5
2.6
76.6
94.3
5.9
47.0
40.2
34.2
35.9
78.9
97.6
35.5
85.7
46.7
88.1
27.3
92.4
100.0
96.0
34.9
46.2
20.7
41.7
45.5
62.0
97.9
31.8
33.4
26.1
87.3
69.1
0.6
7.6
16.4
25.4
29.9
12.1
81.4
6.7
75.0
54.2
48.9
88.9
86.3
69.5
69.3
68.1
36.7
6.4
51.3
79.2
60.4
80.2
54.0
23.8
89.3
75.7
69.3
94.4
13.3
35.5
63.9
77.4
40.8
48.2
83.8
54.0
73.0
79.4
72.1
53.4
22.6
19.0
8.9
79.2
4.9
21.1
18.9
16.2
42.9
29.0
23.1
49.6
47.9
43.6
19.8
97.4
73.2
70.7
30.7
51.7
5.8
25.4
6.4
27.7
80.8
87.0
88.1
45.0
14.4
21.4
14.6
36.1
27.2
62.2
72.0
68.4
21.7
22.2
9.0
13.3
48.2
82.5
71.2
5.3
31.6
48.1
70.5
13.2
84.1
30.0
48.5
81.5
27.0
31.3
91.6
4.7
23.0
21.0
70.2
55.2
2.7
1.0
25.0
16.0
22.9
40.2
84.1
28.1
30.8
54.3
61.2
76.8
90.2
75.3
69.9
20.7
23.9
79.3
100.0
